437
434
467
441
444
414
439
462
423
447
439
465
473
423
457
434
465
421
427
426
439
461
470
440
447
417
434
454
432
461
452
401
467
467
452
449
485
432
449
465
441
396
432
478
351
469
451
426
437
450
490
426
448
433
419
454
417
456
451
442
452
460
436
456
459
435
426
440
435
467
424
450
434
405
452
440
445
463
437
449
436
416
437
440
439
410
432
424
452
456
444
453
477
415
446
405
428
445
453
441
450
435
442
448
430
434
430
455
447
453
444
410
455
432
448
446
494
434
442
448
446
417
451
467
473
425
393
404
431
443
404
441
436
457
464
443
470
432
437
437
466
454
470
423
470
468
430
468
421
434
462
444
455
423
440
425
454
456
452
432
429
464
427
440
392
421
433
432
402
438
466
454
416
481
466
410
452
451
430
408
426
430
415
457
434
420
437
465
427
442
457
437
425
444
428
496
444
429
450
471
451
430
471
455
408
467
432
434
448
441
445
411
446
399
449
463
462
433
412
455
426
451
473
415
416
416
426
460
438
484
445
461
474
452
412
453
448
446
436
477
459
456
440
453
476
440
473
431
483
406
438
426
